7,1,2,4,1,65,0,0
7,1,2,4,2,51,0,0
7,1,2,4,3,52,0,0
7,1,2,4,4,51,0,0
7,1,2,4,5,67,0,0
7,1,2,4,6,72,0,0
7,1,2,4,7,74,0,0
7,1,2,4,8,77,0,0
7,1,2,4,9,85,0,0
7,1,2,4,10,99,0,0
7,1,2,4,11,101,0,0
7,1,2,4,12,104,0,0
7,1,2,4,13,112,0,0
7,1,2,4,14,119,0,0
7,1,2,4,15,122,0,0
7,1,2,4,16,149,0,0
7,1,2,4,17,137,0,0
7,1,2,4,18,165,0,0
7,1,2,4,19,148,0,0
7,1,2,4,20,158,0,0
7,1,2,4,21,162,0,0
7,1,2,4,22,182,0,0
7,1,2,4,23,175,0,0
7,1,2,4,24,200,0,0
7,1,2,4,25,197,0,0
7,1,2,4,26,231,0,0
7,1,2,4,27,238,0,0
7,1,2,4,28,228,0,0
7,1,2,4,29,273,0,0
7,1,2,4,30,265,0,0
7,1,2,4,1,69,0,0
7,1,2,4,2,67,0,0
7,1,2,4,3,54,0,0
7,1,2,4,4,64,0,0
7,1,2,4,5,68,0,0
7,1,2,4,6,70,0,0
7,1,2,4,7,67,0,0
7,1,2,4,8,76,0,0
7,1,2,4,9,88,0,0
7,1,2,4,10,96,0,0
7,1,2,4,11,112,0,0
7,1,2,4,12,116,0,0
7,1,2,4,13,118,0,0
7,1,2,4,14,116,0,0
7,1,2,4,15,128,0,0
7,1,2,4,16,147,0,0
7,1,2,4,17,150,0,0
7,1,2,4,18,164,0,0
7,1,2,4,19,151,0,0
7,1,2,4,20,155,0,0
7,1,2,4,21,162,0,0
7,1,2,4,22,177,0,0
7,1,2,4,23,180,0,0
7,1,2,4,24,197,0,0
7,1,2,4,25,191,0,0
7,1,2,4,26,201,0,0
7,1,2,4,27,219,0,0
7,1,2,4,28,218,0,0
7,1,2,4,29,229,0,0
7,1,2,4,30,244,0,0
